0 0 0 0 0 0 0 0 0
0 0 0 0 0 0 0 0 0
0 0 0 0 0 0 0 0 0
0 0 0 0 0 0 0 0 0
0 0 0 0 0 0 0 0 0
0 0 0 0 0 0 0 0 0
0 0 0 0 0 0 0 0 0
0 0 0 0 0 0 0 0 0
0 0 0 0 0 0 0 0 0

4 1 2 0 0 7 5 9 8
3 0 7 5 9 0 4 1 2
5 9 8 4 1 2 0 6 7
0 0 3 6 0 5 9 0 4
6 7 5 0 0 4 1 0 3
9 0 4 1 2 3 0 7 5
2 0 6 7 5 0 8 4 1
7 0 9 8 0 1 0 3 6
8 0 1 0 3 6 7 5 0

0 0 0 0 0 0 0 0 0
0 0 8 9 6 7 4 0 0
0 6 0 4 1 2 0 3 0
0 2 5 0 8 0 6 7 0
0 8 9 6 0 4 1 2 0
0 7 4 0 2 0 3 8 0
0 5 0 8 9 6 0 4 0
0 0 6 7 4 1 2 0 0
0 0 0 0 0 0 0 0 0

9 0 8 0 6 0 1 2 4
2 3 7 4 5 1 9 6 8
1 4 6 0 2 0 3 5 7
0 1 2 0 7 0 5 9 3
0 7 3 0 1 0 4 8 2
4 8 0 0 0 5 6 0 1
7 0 4 5 9 0 8 1 6
8 9 0 7 4 6 2 0 0
3 0 5 0 8 0 7 0 9

5 3 0 0 7 0 0 0 0
6 0 0 1 9 5 0 0 0
0 9 8 0 0 0 0 6 0
8 0 0 0 6 0 0 0 3
4 0 0 8 0 3 0 0 1
7 0 0 0 2 0 0 0 6
0 6 0 0 0 0 2 8 0
0 0 0 4 1 9 0 0 5
0 0 0 0 8 0 0 7 9

